20050801
20050825
20050918
20050925
20060616
20060723
20060724
20060725
20060726
20060727
20060728
20060816
20060817
20060911
20060912
20060918
20060920
20070421
20070627
20070908
20070910
20090729
20090730
20090801
20090802
20090803
20090904
20100425
20100602
20100628
20100724
20100725
20100730
20100731
20100801
20100927
20110630
20120508
20120509
20120531
20120724
20120725
20120726
20120802
20120916
20120921
20120925
20130401
20130513
20130802
20130803
20130804
20130808
20130923
20130930
20140402
20140519
20140520
20140716
20140717
20140718
20140724
20140725
20140726
20140731
20140801
20140802
20140803
20140804
20140810
20140811
20140812
20140814
20140815
20140816
20140818
20140904
20140924
20140925
20140930
20150609
20150626
20150627
20150628
20150629
20150630
20150706
20150707
20150708
20150709
20150710
20150911
20150915
20150916
20160814
20160910
20160914
20160919
20160920
20160922
20160927
20160928
20170809
20170811
20170814
20170815
20170816
20170817
20170818
20170819
20170820
20170821
20170915
20170918
20170922
20170928
20180404
20180703
20180704
20180705
20180706
20180720
20180721
20180808
20180809
20180813
20180814
20180815
20180824
20180825
20180826
20190403
20190610
20190611
20190612
20190613
20190725
20190808
20190809
20190811
20190814
20190816
20200610
20200713
20200726
20200826
20200829
20200830
20200901
20200902
20200904
20200916
20200927
