20050621
20050627
20050628
20050630
20050701
20050703
20050704
20050708
20050709
20050716
20050719
20050722
20050726
20050727
20050728
20050801
20050802
20050806
20050810
20050811
20050812
20050813
20050814
20050815
20050816
20050817
20050818
20050820
20050821
20050822
20050825
20050826
20050830
20050918
20050925
20060616
20060722
20060723
20060724
20060725
20060726
20060727
20060728
20060731
20060816
20060817
20060911
20060912
20060918
20060920
20070421
20070622
20070626
20070627
20070722
20070821
20070908
20070910
20080408
20080421
20080422
20080516
20080709
20080719
20080721
20080722
20080723
20080724
20090714
20090718
20090721
20090722
20090725
20090728
20090729
20090730
20090731
20090801
20090802
20090803
20090804
20090805
20090806
20090807
20090815
20090816
20090830
20090904
20100425
20100528
20100529
20100530
20100531
20100601
20100602
20100610
20100611
20100628
20100715
20100716
20100717
20100720
20100723
20100724
20100725
20100730
20100731
20100801
20100802
20100809
20100819
20100821
20100927
20110522
20110630
20110730
20120426
20120507
20120508
20120509
20120510
20120531
20120614
20120615
20120624
20120707
20120710
20120711
20120712
20120713
20120714
20120715
20120716
20120722
20120723
20120724
20120725
20120726
20120727
20120728
20120729
20120730
20120731
20120801
20120802
20120803
20120805
20120806
20120807
20120808
20120810
20120811
20120912
20120913
20120916
20120921
20120925
20130401
20130513
20130518
20130530
20130531
20130620
20130704
20130709
20130724
20130725
20130726
20130727
20130728
20130730
20130731
20130801
20130802
20130803
20130804
20130805
20130806
20130807
20130808
20130809
20130810
20130811
20130812
20130813
20130814
20130923
20130930
20140402
20140519
20140520
20140521
20140527
20140619
20140713
20140714
20140715
20140716
20140717
20140718
20140719
20140720
20140721
20140722
20140723
20140724
20140725
20140726
20140727
20140728
20140729
20140730
20140731
20140801
20140802
20140803
20140804
20140809
20140810
20140811
20140812
20140814
20140815
20140816
20140817
20140818
20140904
20140924
20140925
20140930
20150416
20150531
20150608
20150609
20150623
20150624
20150625
20150626
20150627
20150628
20150629
20150630
20150705
20150706
20150707
20150708
20150709
20150710
20150712
20150713
20150730
20150731
20150825
20150826
20150906
20150911
20150915
20150916
20160620
20160629
20160630
20160701
20160702
20160708
20160715
20160716
20160717
20160718
20160719
20160721
20160722
20160723
20160724
20160725
20160726
20160814
20160910
20160914
20160918
20160919
20160920
20160921
20160922
20160923
20160927
20160928
20170620
20170623
20170708
20170709
20170711
20170714
20170715
20170730
20170731
20170807
20170808
20170809
20170810
20170811
20170813
20170814
20170815
20170816
20170817
20170818
20170819
20170820
20170821
20170822
20170824
20170825
20170826
20170827
20170915
20170918
20170922
20170928
20180404
20180505
20180702
20180703
20180704
20180705
20180706
20180707
20180709
20180719
20180720
20180721
20180722
20180724
20180725
20180726
20180731
20180801
20180806
20180807
20180808
20180809
20180811
20180812
20180813
20180814
20180815
20180824
20180825
20180826
20190403
20190611
20190612
20190613
20190620
20190704
20190706
20190709
20190710
20190711
20190715
20190716
20190717
20190719
20190720
20190722
20190725
20190726
20190727
20190728
20190729
20190803
20190804
20190808
20190809
20190811
20190816
20190817
20190911
20190912
20200703
20200713
20200715
20200726
20200802
20200803
20200804
20200805
20200806
20200807
20200811
20200820
20200821
20200824
20200825
20200827
20200828
20200829
20200830
20200901
20200902
20200903
20200904
20200916
20200923
20200924
20200925
20200926
20200927
