  75.6635    84.0215     2.3268    57.1835   178.6936  57.5  56.3  58.8   4.0   3.0   5.0
  75.5325    82.9998     2.8315    57.1874   176.3600  57.5  56.3  58.8   4.0   3.0   5.0
  75.7421    83.6417     3.0410    57.2957   182.4641  57.5  56.3  58.8   4.0   3.0   5.0
  76.0998    83.5081     2.4138    57.6244   240.7332  57.5  56.3  58.8   4.0   3.0   5.0
  75.7616    81.8427     2.3893    57.5245   156.9370  57.5  56.3  58.8   4.0   3.0   5.0
  76.5594    84.3928     2.7894    57.9342   208.4218  57.5  56.3  58.8   4.0   3.0   5.0
  75.6123    80.8153     2.9407    57.5243   179.3092  57.5  56.3  58.8   4.0   3.0   5.0
  76.4505    83.3511     2.9165    57.9491   249.0752  57.5  56.3  58.8   4.0   3.0   5.0
  75.1970    79.1511     2.8481    57.3950   230.3785  57.5  56.3  58.8   4.0   3.0   5.0
  76.3313    82.3128     2.8472    57.9611   217.0062  57.5  56.3  58.8   4.0   3.0   5.0
  75.9852    80.6495     3.1811    57.8618   202.5847  57.5  56.3  58.8   4.0   3.0   5.0
  75.1371    77.3346     2.8710    57.6028   222.4636  57.5  56.3  58.8   4.0   3.0   5.0
  75.6616    78.5902     3.3211    57.8567   274.5310  57.5  56.3  58.8   4.0   3.0   5.0
  75.7313    78.1835     3.1962    57.9693   255.0194  57.5  56.3  58.8   4.0   3.0   5.0
  74.3373    74.6243     4.8072    57.3872   244.2433  57.5  56.3  58.8   4.0   3.0   5.0
  74.6713    75.2710     4.0956    57.5439   228.7515  57.5  56.3  58.8   4.0   3.0   5.0
  76.0433    78.3876     2.8872    58.1994   236.0376  57.5  56.3  58.8   4.0   3.0   5.0
  74.0377    73.5803     4.5443    57.3323   238.3604  57.5  56.3  58.8   4.0   3.0   5.0
  76.3444    78.5790     2.9558    58.4240   229.4084  57.5  56.3  58.8   4.0   3.0   5.0
  76.7768    79.8040     3.0853    58.6347   240.8411  57.5  56.3  58.8   4.0   3.0   5.0
  73.7027    72.5293     4.2212    57.2644   210.2172  57.5  56.3  58.8   4.0   3.0   5.0
  73.7619    72.1474     4.3440    57.3777   239.4710  57.5  56.3  58.8   4.0   3.0   5.0
  73.8204    71.7626     4.3773    57.4911   237.2652  57.5  56.3  58.8   4.0   3.0   5.0
  74.2188    72.4132     3.9241    57.6720   247.8344  57.5  56.3  58.8   4.0   3.0   5.0
  74.5849    73.0482     3.5496    57.8398   251.0684  57.5  56.3  58.8   4.0   3.0   5.0
  73.8782    71.3753     3.9189    57.6044   237.2652  57.5  56.3  58.8   4.0   3.0   5.0
  74.2778    72.0186     3.5681    57.7853   252.3709  57.5  56.3  58.8   4.0   3.0   5.0
  74.6450    72.6467     3.6089    57.9529   251.0684  57.5  56.3  58.8   4.0   3.0   5.0
  73.9353    70.9852     3.7481    57.7177   253.3212  57.5  56.3  58.8   4.0   3.0   5.0
  74.3360    71.6210     3.6648    57.8985   265.3008  57.5  56.3  58.8   4.0   3.0   5.0
  74.3936    71.2207     3.5891    58.0118   265.3008  57.5  56.3  58.8   4.0   3.0   5.0
  73.1704    68.5188     3.3260    57.6480   218.5368  57.5  56.3  58.8   4.0   3.0   5.0
  72.7252    67.0928     3.1648    57.6399   240.4122  57.5  56.3  58.8   4.0   3.0   5.0
  71.4904    64.9581     2.8779    57.3136   243.7575  57.5  56.3  58.8   4.0   3.0   5.0
  72.2015    65.6680     3.2173    57.6062   236.6708  57.5  56.3  58.8   4.0   3.0   5.0
  72.2479    65.2984     3.2754    57.7200   275.1779  57.5  56.3  58.8   4.0   3.0   5.0
  75.3183   117.0902     4.5487    57.7769   232.7324  57.5  56.3  58.8   4.0   3.0   5.0
  75.5714   117.7204     4.1430    57.9007   253.5750  57.5  56.3  58.8   4.0   3.0   5.0
  75.6420   117.3185     4.3676    58.0133   231.7670  57.5  56.3  58.8   4.0   3.0   5.0
  75.9534   117.5323     3.3088    58.2435   260.1888  57.5  56.3  58.8   4.0   3.0   5.0
  75.2061    85.6076     3.5318    58.7321   231.8551  57.5  56.3  58.8   4.0   3.0   5.0
  73.0857    78.0218     2.7448    58.7171   225.3207  57.5  56.3  58.8   4.0   3.0   5.0
  72.5414    76.6595     3.1553    58.6835   230.9933  57.5  56.3  58.8   4.0   3.0   5.0
  74.7630   120.4430     3.6342    56.3440   268.2781  57.5  56.3  58.8   4.0   3.0   5.0
  75.7196   120.1136     2.9987    57.1806   231.2826  57.5  56.3  58.8   4.0   3.0   5.0
  75.8391   120.0707     2.8120    57.2854   231.2826  57.5  56.3  58.8   4.0   3.0   5.0
  75.9587   120.0273     2.6556    57.3903   249.6472  57.5  56.3  58.8   4.0   3.0   5.0
  76.0782   119.9834     2.5254    57.4952   249.6472  57.5  56.3  58.8   4.0   3.0   5.0
  76.1978   119.9389     2.5220    57.6002   243.1658  57.5  56.3  58.8   4.0   3.0   5.0
  75.1952    78.1853     2.4354    56.4569   252.3976  57.5  56.3  58.8   4.0   3.0   5.0
  75.0996    77.1915     1.9528    56.4670   231.8747  57.5  56.3  58.8   4.0   3.0   5.0
  75.2813    77.8439     2.5133    56.5688   260.3366  57.5  56.3  58.8   4.0   3.0   5.0
  75.4554    78.4968     2.2798    56.6674   245.9218  57.5  56.3  58.8   4.0   3.0   5.0
  75.1842    76.8468     1.8917    56.5789   231.8747  57.5  56.3  58.8   4.0   3.0   5.0
  76.8123    70.5772     2.1289    58.6969   367.8963  57.5  56.3  58.8   4.0   3.0   5.0
  72.9253   122.7495     2.2347    57.5200   237.2460  57.5  56.3  58.8   4.0   3.0   5.0
  74.1803   111.9068     2.9067    56.2797   304.1436  57.5  56.3  58.8   4.0   3.0   5.0
  77.3439   106.4610     2.2760    57.9059   281.5627  57.5  56.3  58.8   4.0   3.0   5.0
  77.5985   101.9100     2.6739    58.2994   273.0096  57.5  56.3  58.8   4.0   3.0   5.0
  77.8217   102.4567     2.4708    58.4970   318.4032  57.5  56.3  58.8   4.0   3.0   5.0
  77.6694   100.3895     3.3882    58.4338   283.5733  57.5  56.3  58.8   4.0   3.0   5.0
  77.7666   100.0432     3.2350    58.5443   286.4771  57.5  56.3  58.8   4.0   3.0   5.0
  77.8943   100.8968     2.6755    58.6304   301.4892  57.5  56.3  58.8   4.0   3.0   5.0
  75.4137    86.6571     5.6637    57.4395   236.8078  57.5  56.3  58.8   4.0   3.0   5.0
  75.0399    84.9882     5.6404    57.3196   250.5673  57.5  56.3  58.8   4.0   3.0   5.0
  75.2717    85.6366     5.4455    57.4383   238.0632  57.5  56.3  58.8   4.0   3.0   5.0
  75.7006    86.9243     4.5704    57.6604   238.0035  57.5  56.3  58.8   4.0   3.0   5.0
  74.7512    82.5556     5.1124    57.4014   223.9065  57.5  56.3  58.8   4.0   3.0   5.0
  76.1364    86.4036     3.7909    58.1014   242.6865  57.5  56.3  58.8   4.0   3.0   5.0
  74.8224    82.1765     5.1436    57.5141   231.6065  57.5  56.3  58.8   4.0   3.0   5.0
  76.2140    86.0076     3.9657    58.2136   248.6419  57.5  56.3  58.8   4.0   3.0   5.0
  75.3006    81.6544     4.8024    57.9832   255.0922  57.5  56.3  58.8   4.0   3.0   5.0
  74.9467    79.1979     4.9186    58.0522   232.5678  57.5  56.3  58.8   4.0   3.0   5.0
  75.0122    78.7991     4.8419    58.1651   237.3485  57.5  56.3  58.8   4.0   3.0   5.0
  72.8709    73.6736     6.0593    57.4375   241.2588  57.5  56.3  58.8   4.0   3.0   5.0
  72.9265    73.3036     5.9848    57.5510   253.8107  57.5  56.3  58.8   4.0   3.0   5.0
  74.9521    76.5594     4.9285    58.4700   226.8760  57.5  56.3  58.8   4.0   3.0   5.0
  72.9815    72.9313     5.8081    57.6645   253.8107  57.5  56.3  58.8   4.0   3.0   5.0
  73.0358    72.5567     5.6793    57.7779   233.3562  57.5  56.3  58.8   4.0   3.0   5.0
  74.7903    74.7214     4.9114    58.6526   228.1337  57.5  56.3  58.8   4.0   3.0   5.0
  72.8450    69.2382     4.0786    58.3362   256.1571  57.5  56.3  58.8   4.0   3.0   5.0
  72.8924    68.8562     3.9723    58.4497   271.4650  57.5  56.3  58.8   4.0   3.0   5.0
  72.9390    68.4722     3.6460    58.5633   271.4650  57.5  56.3  58.8   4.0   3.0   5.0
  72.9850    68.0862     3.5732    58.6768   246.3644  57.5  56.3  58.8   4.0   3.0   5.0
  75.8385    87.6423     4.3400    56.3583   226.3107  57.5  56.3  58.8   4.0   3.0   5.0
  75.9479    87.4242     3.9565    56.4673   226.3107  57.5  56.3  58.8   4.0   3.0   5.0
  76.0672    86.0458     4.2468    56.5890   252.5336  57.5  56.3  58.8   4.0   3.0   5.0
  76.0736    84.9138     4.4209    56.6043   261.2029  57.5  56.3  58.8   4.0   3.0   5.0
  76.1753    85.8123     3.8221    56.6983   252.5336  57.5  56.3  58.8   4.0   3.0   5.0
  76.1808    84.6714     4.0786    56.7137   249.6177  57.5  56.3  58.8   4.0   3.0   5.0
  76.2833    85.5752     3.6636    56.8076   244.4418  57.5  56.3  58.8   4.0   3.0   5.0
  76.3909    85.3347     3.6405    56.9169   255.5200  57.5  56.3  58.8   4.0   3.0   5.0
  76.8168    85.5589     3.2595    57.3403   262.1281  57.5  56.3  58.8   4.0   3.0   5.0
  77.0279    86.3307     3.1142    57.5472   312.9204  57.5  56.3  58.8   4.0   3.0   5.0
  76.1112    67.6878     2.7723    57.4949   245.7924  57.5  56.3  58.8   4.0   3.0   5.0
  74.4149    61.4337     1.9287    56.6454   431.3189  57.5  56.3  58.8   4.0   3.0   5.0
  76.0317    66.6686     2.7440    57.5133   199.1637  57.5  56.3  58.8   4.0   3.0   5.0
  75.3195    84.7280     3.5271    57.0697   223.8970  57.5  56.3  58.8   4.0   3.0   5.0
  75.4392    84.6869     3.5058    57.1745   223.8970  57.5  56.3  58.8   4.0   3.0   5.0
  75.5587    84.6454     3.4824    57.2792   231.0569  57.5  56.3  58.8   4.0   3.0   5.0
  75.6783    84.6040     3.4191    57.3841   231.0569  57.5  56.3  58.8   4.0   3.0   5.0
  75.7980    84.5615     3.5371    57.4891   238.7597  57.5  56.3  58.8   4.0   3.0   5.0
  76.3961    84.3407     3.6072    58.0142   246.8721  57.5  56.3  58.8   4.0   3.0   5.0
  76.6353    84.2490     3.1000    58.2246   242.8911  57.5  56.3  58.8   4.0   3.0   5.0
  73.1970    68.2563     3.1794    56.3505   267.5036  57.5  56.3  58.8   4.0   3.0   5.0
  73.3160    68.2739     3.1448    56.4524   267.5036  57.5  56.3  58.8   4.0   3.0   5.0
  73.4350    68.2917     3.1007    56.5542   267.5036  57.5  56.3  58.8   4.0   3.0   5.0
  73.5540    68.3104     3.2373    56.6562   255.4215  57.5  56.3  58.8   4.0   3.0   5.0
  73.6730    68.3291     3.2716    56.7582   255.4215  57.5  56.3  58.8   4.0   3.0   5.0
  73.7919    68.3488     3.1537    56.8603   255.4215  57.5  56.3  58.8   4.0   3.0   5.0
  73.9108    68.3688     3.0503    56.9623   255.4215  57.5  56.3  58.8   4.0   3.0   5.0
  74.2676    68.4323     3.1210    57.2690   269.6289  57.5  56.3  58.8   4.0   3.0   5.0
  74.3865    68.4548     3.3995    57.3714   269.7784  57.5  56.3  58.8   4.0   3.0   5.0
  74.5055    68.4776     3.4186    57.4738   269.7784  57.5  56.3  58.8   4.0   3.0   5.0
  75.4572    65.3561     2.1200    57.8419   249.9188  57.5  56.3  58.8   4.0   3.0   5.0
  75.5767    65.3587     1.9014    57.9456   266.1541  57.5  56.3  58.8   4.0   3.0   5.0
  75.2559    72.5472     4.2435    58.7195   254.8496  57.5  56.3  58.8   4.0   3.0   5.0
  73.6862   119.9824     2.9950    56.8956   233.5265  57.5  56.3  58.8   4.0   3.0   5.0
  73.7553   119.6222     3.0776    57.0085   238.3117  57.5  56.3  58.8   4.0   3.0   5.0
  73.9875   115.5890     2.5168    57.8559   244.1211  57.5  56.3  58.8   4.0   3.0   5.0
  73.8311   113.3873     1.9100    58.1264   204.4452  57.5  56.3  58.8   4.0   3.0   5.0
  74.1122   111.4206     2.7673    58.6926   292.5952  57.5  56.3  58.8   4.0   3.0   5.0
  75.1168    87.5978     5.5863    56.3048   299.6071  57.5  56.3  58.8   4.0   3.0   5.0
  75.6460    90.3052     5.9310    56.6573   274.7079  57.5  56.3  58.8   4.0   3.0   5.0
  75.2114    87.2955     5.7653    56.4158   299.6071  57.5  56.3  58.8   4.0   3.0   5.0
  75.9917    91.4371     5.9050    56.9407   282.1982  57.5  56.3  58.8   4.0   3.0   5.0
  75.4450    87.6567     5.6806    56.6163   314.0916  57.5  56.3  58.8   4.0   3.0   5.0
  75.8091    88.7106     6.3200    56.9028   316.8854  57.5  56.3  58.8   4.0   3.0   5.0
  76.6592    85.7782     5.7901    57.9013   323.1263  57.5  56.3  58.8   4.0   3.0   5.0
  76.7971    86.4915     5.7105    57.9870   328.0124  57.5  56.3  58.8   4.0   3.0   5.0
  70.4431    58.0810     1.9415    57.0666   294.6766  57.5  56.3  58.8   4.0   3.0   5.0
  72.6857    59.6511     4.5106    58.1881   288.5389  57.5  56.3  58.8   4.0   3.0   5.0
  73.9425   110.5903     2.6027    57.7822   280.1245  57.5  56.3  58.8   4.0   3.0   5.0
  75.4459    87.5226     4.5349    56.5010   292.8600  57.5  56.3  58.8   4.0   3.0   5.0
  75.7410    88.7384     5.1229    56.8582   287.0936  57.5  56.3  58.8   4.0   3.0   5.0
  75.9752    88.4901     5.4212    57.0719   302.6433  57.5  56.3  58.8   4.0   3.0   5.0
  76.7246    85.9714     5.0402    57.6807   311.5255  57.5  56.3  58.8   4.0   3.0   5.0
  77.7240    86.3658     2.9202    58.6802   273.4063  57.5  56.3  58.8   4.0   3.0   5.0
  77.4075    78.7659     2.8147    58.1684   250.9456  57.5  56.3  58.8   4.0   3.0   5.0
  77.3191    76.1720     2.6706    58.0666   261.9862  57.5  56.3  58.8   4.0   3.0   5.0
  77.6144    79.8375     2.3347    58.3886   240.8065  57.5  56.3  58.8   4.0   3.0   5.0
  77.7953    82.7093     3.1167    58.6277   252.2130  57.5  56.3  58.8   4.0   3.0   5.0
  77.7264    79.6183     2.3379    58.4971   240.8065  57.5  56.3  58.8   4.0   3.0   5.0
  77.8198    81.0151     2.5048    58.6134   232.4885  57.5  56.3  58.8   4.0   3.0   5.0
  77.9092    82.5136     2.8897    58.7358   230.2894  57.5  56.3  58.8   4.0   3.0   5.0
  77.9326    80.8032     1.9893    58.7218   165.9132  57.5  56.3  58.8   4.0   3.0   5.0
  74.7594    86.2211     2.9179    58.5031   290.7390  57.5  56.3  58.8   4.0   3.0   5.0
  76.0705    67.1764     3.8023    57.3996   370.0063  57.5  56.3  58.8   4.0   3.0   5.0
  72.1599    60.5393     2.4416    56.2887   280.3099  57.5  56.3  58.8   4.0   3.0   5.0
  73.2226    60.8786     2.9849    57.1950   291.5143  57.5  56.3  58.8   4.0   3.0   5.0
  74.0481    61.1875     2.3653    57.9035   403.4225  57.5  56.3  58.8   4.0   3.0   5.0
  71.9234   136.1741     9.2291    57.4985   280.9898  57.5  56.3  58.8   4.0   3.0   5.0
  72.0119   135.9013     9.2122    57.6097   280.9898  57.5  56.3  58.8   4.0   3.0   5.0
  72.5058   135.7713     8.5588    58.0837   251.6947  57.5  56.3  58.8   4.0   3.0   5.0
  72.9875   135.6019     7.5264    58.5500   261.9373  57.5  56.3  58.8   4.0   3.0   5.0
  70.0198   179.2785     1.8762    57.6266   170.9329  57.5  56.3  58.8   4.0   3.0   5.0
  70.0941   178.9942     2.0597    57.7387   170.9329  57.5  56.3  58.8   4.0   3.0   5.0
  70.9918  -131.4953     3.2302    58.7015   220.7195  57.5  56.3  58.8   4.0   3.0   5.0
  76.1716    84.4953     2.9800    56.7386   311.7536  57.5  56.3  58.8   4.0   3.0   5.0
  76.2888    84.5670     3.2192    56.8398   313.8234  57.5  56.3  58.8   4.0   3.0   5.0
  76.6234    80.4671     3.6756    56.5066   258.1591  57.5  56.3  58.8   4.0   3.0   5.0
  77.0979    80.6313     3.6767    56.9160   305.2717  57.5  56.3  58.8   4.0   3.0   5.0
  79.2180    73.2775     3.0006    57.9305   297.7126  57.5  56.3  58.8   4.0   3.0   5.0
  72.6996   -72.2041     2.3184    56.2951   272.3925  57.5  56.3  58.8   4.0   3.0   5.0
  72.7388   -72.5929     2.2392    56.4089   223.8288  57.5  56.3  58.8   4.0   3.0   5.0
  76.5338    56.6002     1.8859    56.2642   234.8687  57.5  56.3  58.8   4.0   3.0   5.0
  76.0711    50.2872     2.0898    56.7925   287.1770  57.5  56.3  58.8   4.0   3.0   5.0
  70.8009  -119.2735     5.4770    57.5382   266.0841  57.5  56.3  58.8   4.0   3.0   5.0
  71.1979  -120.1544     4.5209    57.9781   192.3135  57.5  56.3  58.8   4.0   3.0   5.0
  71.7994  -119.5802     3.3777    58.5343   234.4711  57.5  56.3  58.8   4.0   3.0   5.0
  70.2587   -98.3037     2.3427    58.1582   187.4367  57.5  56.3  58.8   4.0   3.0   5.0
  76.9682   144.7915     3.5421    56.4481   271.9512  57.5  56.3  58.8   4.0   3.0   5.0
  76.3283   142.1796     4.0337    56.3183   267.8339  57.5  56.3  58.8   4.0   3.0   5.0
  74.1365   130.1694     2.2180    57.0283   325.8495  57.5  56.3  58.8   4.0   3.0   5.0
  73.6034   129.3192     2.3851    56.9078   272.9952  57.5  56.3  58.8   4.0   3.0   5.0
  71.5448  -170.7912     2.5874    56.7420   269.3931  57.5  56.3  58.8   4.0   3.0   5.0
  71.5722  -171.1658     2.6373    56.8559   249.1449  57.5  56.3  58.8   4.0   3.0   5.0
  70.6729  -173.3784     3.1106    57.0435   238.8316  57.5  56.3  58.8   4.0   3.0   5.0
  70.3113   129.4830     3.2205    56.3532   181.9666  57.5  56.3  58.8   4.0   3.0   5.0
  70.8595   131.4645     4.2198    56.7453   237.7292  57.5  56.3  58.8   4.0   3.0   5.0
  70.9578   131.2416     4.3693    56.8555   269.6615  57.5  56.3  58.8   4.0   3.0   5.0
  71.0560   131.0163     3.9628    56.9658   269.6615  57.5  56.3  58.8   4.0   3.0   5.0
  71.3180   131.4282     3.8891    57.1952   218.1364  57.5  56.3  58.8   4.0   3.0   5.0
  71.7631   133.2980     2.5740    57.5283   223.6965  57.5  56.3  58.8   4.0   3.0   5.0
  71.9662   130.9011     2.4647    57.8603   189.1347  57.5  56.3  58.8   4.0   3.0   5.0
  72.1180   131.5313     2.2223    57.9706   223.5148  57.5  56.3  58.8   4.0   3.0   5.0
  72.0640   130.6625     2.2488    57.9704   185.3634  57.5  56.3  58.8   4.0   3.0   5.0
  72.3146   131.0545     2.5814    58.1907   222.0033  57.5  56.3  58.8   4.0   3.0   5.0
  72.1209   134.0176     2.1639    56.6680   240.0889  57.5  56.3  58.8   4.0   3.0   5.0
  71.5250   133.9329     3.0187    57.7271   279.1801  57.5  56.3  58.8   4.0   3.0   5.0
  71.6057   133.6423     3.0143    57.8389   250.4347  57.5  56.3  58.8   4.0   3.0   5.0
  71.6859   133.3492     3.0345    57.9506   236.8664  57.5  56.3  58.8   4.0   3.0   5.0
  71.7657   133.0537     2.8364    58.0624   236.8664  57.5  56.3  58.8   4.0   3.0   5.0
  71.9238   132.4552     2.7712    58.2860   262.3057  57.5  56.3  58.8   4.0   3.0   5.0
  73.5567   119.5213     1.9618    58.5895   237.2552  57.5  56.3  58.8   4.0   3.0   5.0
  73.6519   119.2492     2.3108    58.7000   241.5234  57.5  56.3  58.8   4.0   3.0   5.0
  72.1978  -154.1969     3.0816    57.6425   289.3520  57.5  56.3  58.8   4.0   3.0   5.0
  72.2907  -154.4585     3.0640    57.7533   289.3520  57.5  56.3  58.8   4.0   3.0   5.0
  72.3831  -154.7227     3.0448    57.8642   308.6845  57.5  56.3  58.8   4.0   3.0   5.0
  72.4752  -154.9895     2.8797    57.9750   245.0024  57.5  56.3  58.8   4.0   3.0   5.0
  72.5670  -155.2589     2.7702    58.0859   245.0024  57.5  56.3  58.8   4.0   3.0   5.0
  72.6584  -155.5311     2.4999    58.1967   257.3253  57.5  56.3  58.8   4.0   3.0   5.0
  72.8474  -154.8647     3.1940    58.3180   294.6313  57.5  56.3  58.8   4.0   3.0   5.0
  72.7495  -155.8059     2.4762    58.3076   257.3253  57.5  56.3  58.8   4.0   3.0   5.0
  72.9394  -155.1391     3.0577    58.4288   270.7386  57.5  56.3  58.8   4.0   3.0   5.0
  72.8402  -156.0835     2.5466    58.4185   246.7373  57.5  56.3  58.8   4.0   3.0   5.0
  73.0309  -155.4161     3.0718    58.5396   270.7386  57.5  56.3  58.8   4.0   3.0   5.0
  72.9306  -156.3641     2.5912    58.5295   241.3158  57.5  56.3  58.8   4.0   3.0   5.0
  73.1222  -155.6963     3.1619    58.6504   251.8474  57.5  56.3  58.8   4.0   3.0   5.0
  73.0205  -156.6474     2.7869    58.6404   241.3158  57.5  56.3  58.8   4.0   3.0   5.0
